# axial power profile (25 nodes)
axial: 0.828883, 1.611597, 1.879149, 1.938141, 1.908530, 1.815930, 1.758528, 1.699566, 1.621515, 1.593666, 1.562957, 1.523147, 1.519425, 1.500160, 1.466253, 1.457054, 1.408088, 1.360157, 1.343953, 1.296359, 1.223226, 1.118762, 0.953788, 0.702217, 0.341668
rv70:  1      # relative gas density
hfg:   1.5    # latent heat [MJ/kg]
G:     1.28   # Mass flow   [10^3 kg/m2/s]
xin:  -0.01   # subcooling
